<PlotName:sin(x),Separator:tab>
0.841470984807897	0.909297426825682	0.141120008059867	-0.756802495307928	-0.958924274663139	-0.279415498198926	0.656986598718789	0.989358246623382	0.412118485241757	-0.544021110889370	-0.999990206550704	-0.536572918000435	0.420167036826641	0.990607355694870	0.650287840157117	-0.287903316665065	-0.961397491879557	-0.750987246771676	0.149877209662952	0.912945250727628	0.836655638536056	-0.00885130929040388	-0.846220404175171	-0.905578362006624	-0.132351750097773	0.762558450479603	0.956375928404503	0.270905788307869	-0.663633884212968	-0.988031624092862	-0.404037645323065	0.551426681241691	0.999911860107267	0.529082686120024	-0.428182669496151	-0.991778853443116	-0.643538133357000	0.296368578709385	0.963795386284088	0.745113160479349	-0.158622668804709	-0.916521547915634	-0.831774742628598	0.0177019251054136	0.850903524534118	0.901788347648809	0.123573122745224	-0.768254661323667	-0.953752652759472	-0.262374853703929	0.670229175843375	0.986627592040485	0.395925150181834	-0.558789048851616	-0.999755173358620	-0.521551002086912	0.436164755247825	0.992872648084537	0.636738007139138	-0.304810621102217	-0.966117770008393	-0.739180696649223	0.167355700302807	0.920026038196791	0.826828679490103	-0.0265511540239668	-0.855519978975322	-0.897927680689291	-0.114784813783187	0.773890681557889	0.951054653254375	0.253823362762036	-0.676771956887308	-0.985146260468247	-0.387781635409430	0.566107636898180	0.999520158580731	0.513978455987535	-0.444112668707508	-0.993888653923375	-0.629887994274454	0.313228782433085	0.968364461100185	0.733190320073292	-0.176075619948587	-0.923458447004060	-0.821817836630823	0.0353983027336607	0.860069405812453	0.893996663600558	0.105987511751157	-0.779466069615805	-0.948282141269947	-0.245251985467654	0.683261714736121	0.983587745434345	0.379607739027522	-0.573381871990423	-0.999206834186354	-0.506365641109759

<PlotName:-exp(0.5*i)+i.^2+2*i,Separator:comma>
-1,1.351278729299872,5.281718171540955,10.518310929661936,16.610943901069348,22.817506039296525,27.914463076812332,29.884548041307690,25.401849966855764,8.982868699478189

<PlotName:step,Separator:tab>
3.36588393923159	1.81859485365136	0.188160010746490	-0.756802495307928	-0.767139419730511	-0.186276998799284	0.375420913553594	0.494679123311691	0.183163771218558	-0.217608444355748	-0.363632802382074	-0.178857639333478	0.129282165177428	0.283030673055677	0.173410090708564	-0.0719758291662663	-0.226211174559896	-0.166886054838150	0.0315530967711479	0.182589050145526	0.159362978768773	-0.00160932896189161	-0.147168765943508	-0.150929727001104	-0.0211762800156437	0.117316684689170	0.141685322726593	0.0387008269011242	-0.0915357081673059	-0.131737549879048	-0.0521338897191052	0.0689283351552113	0.121201437588760	0.0622450218964734	-0.0489351622281315	-0.110197650382568	-0.0695716900926486	0.0311966924957248	0.0988508088496500	0.0745113160479349	-0.0154753823224106	-0.0872877664681556	-0.0773743946631254	0.00160926591867396	0.0756358688474772	0.0784163780564182	0.0105168615102318	-0.0640212217769722	-0.0778573594089365	-0.0209899882963143

<PlotName:1/5*sin(5*x)+1/3*sin(3*x)+sin(x),Separator:tab>
0.696726132561891	0.695242507119717	0.694112469403906	0.693335583694374	0.692910288008007	0.692833911119649	0.693102692398461	0.693711804397235	0.694655378125381	0.695926530929582	0.697517396899608	0.699419159710494	0.701622087806248	0.704115571824412	0.706888164155314	0.709927620524526	0.713220943482104	0.716754427677508	0.720513706794730	0.724483802018136	0.728649171895824	0.732993763463932	0.737501064492367	0.742154156709725	0.746935769862944	0.751828336465294	0.756814047084798	0.761874906024016	0.766992787241354	0.772149490363691	0.777326796640098	0.782506524686828	0.787670585874508	0.792801039209632	0.797880145563964	0.802890421107384	0.807814689801958	0.812636134817675	0.817338348733268	0.821905382388881	0.826321792261022	0.830572686234269	0.834643767648502	0.838521377505100	0.842192534720454	0.845644974320407	0.848867183474670	0.851848435276085	0.854578820175527	0.857049274989508	0.859251609403970	0.861178529904348	0.862823661068837	0.864181564168728	0.865247753026797	0.866018707091966	0.866491881695793	0.866665715463779	0.866539634861966	0.866114055866852	0.865390382754235	0.864371004010159	0.863059285374751	0.861459560037254	0.859577116008082	0.857418180701180	0.854989902767285	0.852300331225981	0.849358391951529	0.846173861574489	0.842757338867923	0.839120213693687	0.835274633590739	0.831233468093665	0.827010270875649	0.822619239815911	0.818075175097165	0.813393435443918	0.808589892617415	0.803680884287733	0.798683165407884	0.793613858218882	0.788490401018441	0.783330495829370	0.778152055106789	0.772973147625966	0.767811943694932	0.762686659837956	0.757615503097586	0.752616615104159	0.747708016062507	0.742907548806034	0.738232823068428	0.733701160122904	0.729329537938202	0.725134536999462	0.721132286940631	0.717338414133210	0.713767990373911	0.710435482811260	0.707354705248166	0.704538770954235	0.702000047117931	0.699750111064709	0.697799708362953	0.696158712934911	0.694836089284892	0.693839856951790	0.693177057287476	0.692853722656849	0.692874848149323	0.693244365885274	0.693965121994488	0.695038856336996	0.696466185029807	0.698246585836014	0.700378386465566	0.702858755829683	0.705683698283440	0.708848050883530	0.712345483680576	0.716168503057709	0.720308458119417	0.724755550126902	0.729498844968489	0.734526288645875	0.739824725749341	0.745379920887421	0.751176583028964	0.757198392708078	0.763428032035101	0.769847217449522	0.776436735143728	0.783176479079561	0.790045491512940	0.797022005935332	0.804083492334538	0.811206704671233	0.818367730461881	0.825542042353120	0.832704551567449	0.839829663095088	0.846891332502226	0.853863124221509	0.860718271186639	0.867429735669239	0.873970271172852	0.880312485235927	0.886428902993080	0.892292031341633	0.897874423558629	0.903148744211995	0.908087834208448	0.912664775820058	0.916852957531029	0.920626138546377	0.923958512804621	0.926824772337503	0.929200169820965	0.931060580163294	0.932382560978327	0.933143411794039	0.933321231849599	0.932894976337112	0.931844510947785	0.930150664586070	0.927795280119565	0.924761263036933	0.921032627890982	0.916594542409160	0.911433369159183	0.905536704663236	0.898893415860175	0.891493673821420	0.883328984632695	0.874392217360504	0.864677629029120	0.854180886540998	0.842899085480776	0.830830765750458	0.817975923990973	0.804336022752919	0.789913996387171	0.774714253633801	0.758742676895748	0.742006618191593	0.724514891789805	0.706277763534774	0.687306936882926	0.667615535675156	0.647218083679646	0.626130480946949	0.604369977026899	0.581955141104502	0.558905829119381	0.535243147940661	0.510989416676288	0.486168125202691	0.460803890007475	0.434922407444276	0.408550404505209	0.381715587222344	0.354446586815404	0.326772903708306	0.298724849542390	0.270333487318957	0.241630569808366	0.212648476367080	0.183420148307915	0.153979022972313	0.124358966656537	0.0945942065465263	0.0647192618185064	0.0347688740645330	0.00477793720371678	-0.0252185729588030	-0.0551856693622816	-0.0850884243468047	-0.114892040172365	-0.144561919237463	-0.174063733834920	-0.203363495283643	-0.232427622276672	-0.261223008287658	-0.289717087880300	-0.317877901767822	-0.345674160472739	-0.373075306440408	-0.400051574463741	-0.426574050280472	-0.452614727208847	-0.478146560692321	-0.503143520628970	-0.527580641366643	-0.551434069250558	-0.574681107615993	-0.597300259124868	-0.619271265351484	-0.640575143529322	-0.661194220377669	-0.681112162933923	-0.700314006324643	-0.718786178415806	-0.736516521290301	-0.753494309508297	-0.769710265113940	-0.785156569359609	-0.799826871126958	-0.813716292031815	-0.826821428208100	-0.839140348773808	-0.850672590990141	-0.861419152132768	-0.871382478102091	-0.880566448807199	-0.888976360365900	-0.896618904170843	-0.903502142879203	-0.909635483390726	-0.915029646886115	-0.919696636004685	-0.923649699247007	-0.926903292694836	-0.929473039146901	-0.931375684775255	-0.932629053412676	-0.933251998587143	-0.933264353424654	-0.932686878546617	-0.931541208092622	-0.929849794003746	-0.927635848705464	-0.924923286332882	-0.921736662644219	-0.918101113771414	-0.914042293959201	-0.909586312446159	-0.904759669643033	-0.899589192764935	-0.894101971075093	-0.888325290898354	-0.882286570562896	-0.876013295428378	-0.869532953158213	-0.862872969392649	-0.856060643978014	-0.849123087905717	-0.842087161112508	-0.834979411290971	-0.827826013856415	-0.820652713213065	-0.813484765458919	-0.806346882664723	-0.799263178858260	-0.792257117840613	-0.785351462956179	-0.778568228933045	-0.771928635904891	-0.765453065719869	-0.759161020635933	-0.753071084495881	-0.747200886468918	-0.741567067438946	-0.736185249112909	-0.731070005915518	-0.726234839729551	-0.721692157533574	-0.717453251981533	-0.713528284961153	-0.709926274160432	-0.706655082663918	-0.703721411592676	-0.701130795794171	-0.698887602580528	-0.696995033505914	-0.695455129166091	-0.694268776995574	-0.693435722030231	-0.692954580595723	-0.692822856874815	-0.693036962299331	-0.693592237705489	-0.694482978184383	-0.695702460552692	-0.697242973362099	-0.699095849359645	-0.701251500305099	-0.703699454045601	-0.706428393742262	-0.709426199138056	-0.712679989751385	-0.716176169874873	-0.719900475254663	-0.723838021321291	-0.727973352839526	-0.732290494841126	-0.736773004701415	-0.741404025217877	-0.746166338546610	-0.751042420850568	-0.756014497511856	-0.761064598759201	-0.766174615560848	-0.771326355632704	-0.776501599411484	-0.781682155842950	-0.786849917836023	-0.791986917234659	-0.797075379160839	-0.802097775583857	-0.807036877973325	-0.811875808895877	-0.816598092418492	-0.821187703184648	-0.825629114033138	-0.829907342033351	-0.834007992815077	-0.837917303075523	-0.841622181151088	-0.845110245546637	-0.848369861320464	-0.851390174228843	-0.854161142540031	-0.856673566433743	-0.858919114908569	-0.860890350126347	-0.862580749129320	-0.863984722872825	-0.865097632523371	-0.865915802979145	-0.866436533577341	-0.866658105960110	-0.866579789078399	-0.866201841320520	-0.865525509759823	-0.864553026523475	-0.863287602291892	-0.861733416945948	-0.859895607386607	-0.857780252559047	-0.855394355720739	-0.852745824000215	-0.849843445300376	-0.846696862607254	-0.843316545771955	-0.839713760840221	-0.835900537010538	-0.831889631308001	-0.827694491067234	-0.823329214323449	-0.818808508216380	-0.814147645517042	-0.809362419392395	-0.804469096527639	-0.799484368730370	-0.794425303144897	-0.789309291208824	-0.784153996487449	-0.778977301524625	-0.773797253851511	-0.768632011296987	-0.763499786745551	-0.758418792490167	-0.753407184328804	-0.748483005554280	-0.743664130987545	-0.738968211204690	-0.734412617107630	-0.730014384987862	-0.725790162231581	-0.721756153813094	-0.717928069721645	-0.714321073464610	-0.710949731787527	-0.707827965748466	-0.704969003281097	-0.702385333377116	-0.700088662014860	-0.698089869956607	-0.696398972532536	-0.695025081524418	-0.693976369256929	-0.693260034999055	-0.692882273772280	-0.692848247656339	-0.693162059677046	-0.693826730354295	-0.694844176981703	-0.696215195702488	-0.697939446439219	-0.700015440727847	-0.702440532499217	-0.705210911843724	-0.708321601787372	-0.711766458099802	-0.715538172147244	-0.719628276795607	-0.724027155361200	-0.728724053598859	-0.733707094709465	-0.738963297341243	-0.744478596551500	-0.750237867687975	-0.756224953141443	-0.762422691913878	-0.768812951939269	-0.775376665087039	-0.782093864771158	-0.788943726081265	-0.795904608345576	-0.802954100029080	-0.810069065864348	-0.817225696106534	-0.824399557798502	-0.831565647926727	-0.838698448343629	-0.845771982327252	-0.852759872644837	-0.859635400982749	-0.866371568601505	-0.872941158071249	-0.879316795939996	-0.885471016184315	-0.891376324289791	-0.897005261806729	-0.902330471224972	-0.907324761010617	-0.911961170646566	-0.916213035518556	-0.920054051488266	-0.923458338995545	-0.926400506532584	-0.928855713334072	-0.930799731128921	-0.932209004801129	-0.933060711809693	-0.933332820220183	-0.933004145203680	-0.932054403862221	-0.930464268243692	-0.928215416413229	-0.925290581452678	-0.921673598264443	-0.917349448061137	-0.912304300427881	-0.906525552849751	-0.900001867602827	-0.892723205913538	-0.884680859297379	-0.875867477994846	-0.866277096429221	-0.855905155617995	-0.844748522476893	-0.832805505962953	-0.820075870010583	-0.806560843222218	-0.792263125282989	-0.777186890076589	-0.761337785487549	-0.744722929882950	-0.727350905274724	-0.709231747171536	-0.690376931137333	-0.670799356081480	-0.650513324313344	-0.629534518401955	-0.607879974889079	-0.585568054911687	-0.562618411797182	-0.539051955702146	-0.514890815372464	-0.490158297109667	-0.464878841035085	-0.439077974749962	-0.412782264495947	-0.386019263926500	-0.358817460605447	-0.331206220354530	-0.303215729576918	-0.274876935688627	-0.246221485794319	-0.217281663748273	-0.188090325745204	-0.158680834589137	-0.129086992791868	-0.0993429746552220	-0.0694832574939365	-0.0395425521579875	-0.00955573301490955	0.0204422324460239	0.0504163542249695	0.0803316904747797	0.110153418052857	0.139846902798527	0.169377769373369	0.198711970503119	0.227815855461143	0.256656237635363	0.285200461022702	0.313416465497778	0.341272850705465	0.368738938430369	0.395784833299905	0.422381481681705	0.448500728640509	0.474115372824348	0.499199219154879	0.523727129202034	0.547675069128780	0.571020155097644	0.593740696036849	0.615816233670224	0.637227579721772	0.657956850212534	0.677987496774452	0.697304334913135	0.715893569158857	0.733742815052501	0.750841117920978	0.767178968404226	0.782748314703866	0.797542571531382	0.811556625741714	0.824786838646080	0.837231045005870	0.848888548717367	0.859760115205064	0.869847960549165	0.879155737380745	0.887688517585711	0.895452771866397	0.902456346217069	0.908708435376975	0.914219553331824	0.919001500941476	0.923067330778551	0.926431309269172	0.929108876233464	0.931116601929549	0.932472141710606	0.933194188410169	0.933302422576128	0.932817460678864	0.931760801423642	0.930154770301747	0.928022462518814	0.925387684442520	0.922274893715101	0.918709138179080	0.914715993767223	0.910321501509890	0.905552103814815	0.900434580175753	0.894995982467520	0.889263569985550	0.883264744388441	0.877026984701768	0.870577782540943	0.863944577710035	0.857154694332093	0.850235277664911	0.843213231754074	0.836115158072696	0.828967295294476	0.821795460343536	0.814624990860972	0.807480689224220	0.800386768251160	0.793366798716322	0.786443658801787	0.779639485600242	0.772975628782229	0.766472606533975	0.760150063866233	0.754026733388406	0.748120398635817	0.742447860031375	0.737024903556079	0.731866272195831	0.726985640224866	0.722395590378844	0.718107593963240	0.714131993935156	0.710477990989092	0.707153632669538	0.704165805525577	0.701520230314926	0.699221460257113	0.697272882327765	0.695676721578290	0.694434048457573	0.693544789104743	0.693007738574588	0.692820576949803	0.692979888287001	0.693481182336319	0.694318918967512	0.695486535228637	0.696976474956856	0.698780220854581	0.700888328937973	0.703290465259000	0.705975444796571	0.708931272406939	0.712145185718517	0.715603699851407	0.719292653837570	0.723197258613386	0.727302146452512	0.731591421703563	0.736048712693943	0.740657224658444	0.745399793548813	0.750258940578474	0.755216927354939	0.760255811451161	0.765357502266207	0.770503817025103	0.775676536767611	0.780857462175926	0.786028469091949	0.791171563575835	0.796268936358884	0.801303016545659	0.806256524422378	0.811112523231094	0.815854469772140	0.820466263700463	0.824932295385097	0.829237492204929	0.833367363158102	0.837308041666994	0.841046326465533	0.844569720460725	0.847866467465723	0.850925586707387	0.853736905017243	0.856291086620877	0.858579660447165	0.860595044885331	0.862330569924540	0.863780496617675	0.864940033818004	0.865805352144631	0.866373595139957	0.866642887589729	0.866612340983809	0.866282056103229	0.865653122726771	0.864727616457794	0.863508592679716	0.862000077656017	0.860207056798259	0.858135460132977	0.855792145005767	0.853184876068121	0.850322302599773	0.847213933226310	0.843870108098744	0.840301968608403	0.836521424717044	0.832541119988431	0.828374394413708	0.824035245128755	0.819538285127367	0.814898700079409	0.810132203368220	0.805254989466279	0.800283685772659	0.795235303039943	0.790127184522139	0.784976953978583	0.779802462672059	0.774621735502087	0.769452916416848	0.764314213249254	0.759223842124357	0.754199971586723	0.749260666597228	0.744423832549354	0.739707159455290	0.735128066451869	0.730703646775826	0.726450613356891	0.722385245175897	0.718523334533301	0.714880135371487	0.711470312791700	0.708307893903648	0.705406220142620	0.702777901185402	0.700434770592475	0.698387843299684	0.696647275078079	0.695222324075835	0.694121314550975	0.693351602898214	0.692919546067608	0.692830472466702	0.693088655431728	0.693697289346980	0.694658468484882	0.695973168632499	0.697641231563187	0.699661352405001	0.702031069950181	0.704746759942629	0.707803631372763	0.711195725801598	0.714915919728200	0.718955930006961	0.723306322313422	0.727956522649648	0.732894831872390	0.738108443219601	0.743583462803226	0.749304933028600	0.755256858893299	0.761422237110915	0.767783087997972	0.774320490055073	0.781014617166448	0.787844778335278	0.794789459865609	0.801826369895333	0.808932485178524	0.816084100009640	0.823256877176348	0.830425900822497	0.837565731097642	0.844650460464778	0.851653771533494	0.858548996281663	0.865309176524947	0.871907125490007	0.878315490344197	0.884506815531788	0.890453606764433	0.896128395511600	0.901503803835065	0.906552609410410	0.911247810577563	0.915562691262042	0.919470885608497	0.922946442168478	0.925963887485109	0.928498288918501	0.930525316557189	0.932021304062849	0.932963308297799	0.933329167587417	0.933097558472715	0.932248050811583	0.930761161091051	0.928618403816944	0.925802340851741	0.922296628576167	0.918086062755155	0.913156620994073	0.907495502676840	0.901091166283415	0.893933363990318	0.886013173464268	0.877323026765640	0.867856736285329	0.857609517645618	0.846578009502903	0.834760290197457	0.822155891203039	0.808765807336683	0.794592503696833	0.779639919305812	0.763913467440489	0.747420032642992	0.730167964411263	0.712167067577249	0.693428589388492	0.673965203316822	0.653790989625725	0.632921412735809	0.611373295435474	0.589164789991540	0.566315346222081	0.542845676600987	0.518777718471060	0.494134593449346	0.468940564115258	0.443220988078579	0.417002269530820	0.390311808389485	0.363177947150592	0.335629915570449	0.307697773302795	0.279412350622546	0.250805187371892	0.221908470268865	0.192754968722451	0.163377969301966	0.133811209011634	0.104088807524293	0.0742451985305218	0.0443150603618547	0.0143332460482892	-0.0156652870281778	-0.0456455477213624	-0.0755725817867861	-0.105411542462229	-0.135127760799692	-0.164686815586202	-0.194054602691759	-0.223197403684246	-0.252081953552827	-0.280675507383539	-0.308945905833354	-0.336861639251835	-0.364391910302890	-0.391506694942662	-0.418176801613689	-0.444373928519681	-0.470070718850003	-0.495240813827903	-0.519858903461765	-0.543900774884268	-0.567343358170179	-0.590164769529568	-0.612344351779680	-0.633862712005154	-0.654701756323211	-0.674844721677355	-0.694276204590335	-0.712982186814487	-0.730950057825026	-0.748168634109501	-0.764628175214391	-0.780320396517556	-0.795238478703228	-0.809377073924112	-0.822732308643193	-0.835301783155753	-0.847084567800165	-0.858081195873885	-0.868293653279059	-0.877725364929923	-0.886381177961942	-0.894267341790294	-0.901391485072810	-0.907762589639843	-0.913390961460788	-0.918288198723984	-0.922467157113578	-0.925941912373572	-0.928727720255668	-0.930840973953670	-0.932299159133143	-0.933120806670583	-0.933325443221774	-0.932933539743985	-0.931966458101389	-0.930446395887532	-0.928396329602703	-0.925839956327776

<PlotName:5*rand*(2*rand).*x.*exp(rand*(-x)),Separator:tab>
7.89166311474070	7.95802696453444	8.02416220937742	8.09006940472398	8.15574910484586	8.22120186283463	8.28642823060397	8.35142875889205	8.41620399726383	8.48075449411342	8.54508079666639	8.60918345098208	8.67306300195593	8.73671999332182	8.80015496765430	8.86336846637096	8.92636102973473	8.98913319685611	9.05168550569554	9.11401849306562	9.17613269463344	9.23802864492281	9.29970687731658	9.36116792405887	9.42241231625737	9.48344058388556	9.54425325578499	9.60485085966751	9.66523392211757	9.72540296859438	9.78535852343422	9.84510110985264	9.90463124994668	9.96394946469714	10.0230562739707	10.0819521965224	10.1406377499974	10.1991134509335	10.2573798147636	10.3154373558171	10.3732865873231	10.4309280214116	10.4883621691165	10.5455895403774	10.6026106440417	10.6594259878671	10.7160360785233	10.7724414215947	10.8286425215822	10.8846398819054	10.9404340049051	10.9960253918447	11.0514145429133	11.1066019572270	11.1615881328316	11.2163735667044	11.2709587547566	11.3253441918352	11.3795303717251	11.4335177871515	11.4873069297818	11.5408982902277	11.5942923580474	11.6474896217476	11.7004905687856	11.7532956855717	11.8059054574707	11.8583203688045	11.9105409028541	11.9625675418614	12.0144007670315	12.0660410585348	12.1174888955088	12.1687447560606	12.2198091172686	12.2706824551845	12.3213652448359	12.3718579602276	12.4221610743441	12.4722750591516	12.5222003856000	12.5719375236248	12.6214869421493	12.6708491090865	12.7200244913412	12.7690135548121	12.8178167643935	12.8664345839776	12.9148674764565	12.9631159037240	13.0111803266777	13.0590612052210	13.1067589982652	13.1542741637313	13.2016071585521	13.2487584386739	13.2957284590590	13.3425176736872	13.3891265355580	13.4355554966926	13.4818050081355	13.5278755199569	13.5737674812545	13.6194813401553	13.6650175438177	13.7103765384333	13.7555587692291	13.8005646804691	13.8453947154565	13.8900493165355	13.9345289250932	13.9788339815616	14.0229649254194	14.0669221951939	14.1107062284633	14.1543174618579	14.1977563310627	14.2410232708187	14.2841187149254	14.3270430962420	14.3697968466899	14.4123803972542	14.4547941779858	14.4970386180032	14.5391141454941	14.5810211877178	14.6227601710067	14.6643315207682	14.7057356614865	14.7469730167248	14.7880440091266	14.8289490604180	14.8696885914095	14.9102630219975	14.9506727711663	14.9909182569904	15.0309998966354	15.0709181063607	15.1106733015208	15.1502658965674	15.1896963050509	15.2289649396225	15.2680722120359	15.3070185331493	15.3458043129266	15.3844299604400	15.4228958838712	15.4612024905134	15.4993501867731	15.5373393781719	15.5751704693483	15.6128438640591	15.6503599651819	15.6877191747162	15.7249218937855	15.7619685226389	15.7988594606531	15.8355951063339	15.8721758573180	15.9086021103750	15.9448742614086	15.9809927054591	16.0169578367044	16.0527700484622	16.0884297331916	16.1239372824949	16.1592930871190	16.1944975369576	16.2295510210526	16.2644539275959	16.2992066439312	16.3338095565555	16.3682630511210	16.4025675124368	16.4367233244704	16.4707308703496	16.5045905323641	16.5383026919674	16.5718677297780	16.6052860255815	16.6385579583322	16.6716839061548	16.7046642463458	16.7374993553756	16.7701896088898	16.8027353817112	16.8351370478410	16.8673949804609	16.8995095519347	16.9314811338095	16.9633100968180	16.9949968108797	17.0265416451027	17.0579449677852	17.0892071464174	17.1203285476830	17.1513095374605	17.1821504808254	17.2128517420516	17.2434136846128	17.2738366711843	17.3041210636448	17.3342672230775	17.3642755097722	17.3941462832269	17.4238799021488	17.4534767244567	17.4829371072820	17.5122614069705	17.5414499790843	17.5705031784027	17.5994213589244	17.6282048738686	17.6568540756772	17.6853693160157	17.7137509457751	17.7419993150736	17.7701147732578	17.7980976689045	17.8259483498222	17.8536671630529	17.8812544548732	17.9087105707961	17.9360358555725	17.9632306531928	17.9902953068884	18.0172301591334	18.0440355516456	18.0707118253888	18.0972593205737	18.1236783766598	18.1499693323566	18.1761325256255	18.2021682936810	18.2280769729924	18.2538588992853	18.2795144075428	18.3050438320075	18.3304475061828	18.3557257628341	18.3808789339909	18.4059073509476	18.4308113442655	18.4555912437743	18.4802473785731	18.5047800770324	18.5291896667953	18.5534764747792	18.5776408271769	18.6016830494584	18.6256034663722	18.6494024019471	18.6730801794931	18.6966371216031	18.7200735501548	18.7433897863113	18.7665861505233	18.7896629625303	18.8126205413617	18.8354592053389	18.8581792720762	18.8807810584824	18.9032648807624	18.9256310544184	18.9478798942514	18.9700117143628	18.9920268281554	19.0139255483353	19.0357081869131	19.0573750552053	19.0789264638356	19.1003627227367	19.1216841411513	19.1428910276336	19.1639836900508	19.1849624355846	19.2058275707324	19.2265794013084	19.2472182324460	19.2677443685978	19.2881581135384	19.3084597703644	19.3286496414972	19.3487280286829	19.3686952329951	19.3885515548352	19.4082972939343	19.4279327493543	19.4474582194895	19.4668740020680	19.4861803941526	19.5053776921428	19.5244661917755	19.5434461881270	19.5623179756138	19.5810818479942	19.5997380983698	19.6182870191863	19.6367289022356	19.6550640386564	19.6732927189361	19.6914152329117	19.7094318697715	19.7273429180560	19.7451486656597	19.7628493998320	19.7804454071789	19.7979369736641	19.8153243846100	19.8326079246997	19.8497878779779	19.8668645278521	19.8838381570942	19.9007090478415	19.9174774815982	19.9341437392368	19.9507081009990	19.9671708464974	19.9835322547166	19.9997926040144	20.0159521721231	20.0320112361512	20.0479700725840	20.0638289572854	20.0795881654988	20.0952479718487	20.1108086503418	20.1262704743684	20.1416337167032	20.1568986495072	20.1720655443286	20.1871346721040	20.2021063031601	20.2169807072142	20.2317581533761	20.2464389101490	20.2610232454311	20.2755114265163	20.2899037200960	20.3042003922597	20.3184017084970	20.3325079336983	20.3465193321560	20.3604361675661	20.3742587030291	20.3879872010514	20.4016219235465	20.4151631318359	20.4286110866509	20.4419660481334	20.4552282758371	20.4683980287290	20.4814755651901	20.4944611430173	20.5073550194240	20.5201574510416	20.5328686939204	20.5454890035314	20.5580186347668	20.5704578419415	20.5828068787944	20.5950659984893	20.6072354536165	20.6193154961934	20.6313063776662	20.6432083489107	20.6550216602339	20.6667465613747	20.6783833015053	20.6899321292324	20.7013932925983	20.7127670390820	20.7240536156006	20.7352532685100	20.7463662436066	20.7573927861282	20.7683331407548	20.7791875516106	20.7899562622641	20.8006395157302	20.8112375544707	20.8217506203957	20.8321789548647	20.8425227986877	20.8527823921265	20.8629579748955	20.8730497861631	20.8830580645527	20.8929830481439	20.9028249744737	20.9125840805373	20.9222606027895	20.9318547771459	20.9413668389835	20.9507970231424	20.9601455639267	20.9694126951055	20.9785986499141	20.9877036610550	20.9967279606991	21.0056717804869	21.0145353515293	21.0233189044090	21.0320226691814	21.0406468753758	21.0491917519963	21.0576575275230	21.0660444299134	21.0743526866028	21.0825825245060	21.0907341700180	21.0988078490153	21.1068037868568	21.1147222083850	21.1225633379271	21.1303273992957	21.1380146157904	21.1456252101986	21.1531594047964	21.1606174213499	21.1679994811163	21.1753058048447	21.1825366127773	21.1896921246505	21.1967725596957	21.2037781366407	21.2107090737106	21.2175655886287	21.2243478986175	21.2310562204003	21.2376907702014	21.2442517637478	21.2507394162700	21.2571539425027	21.2634955566865	21.2697644725685	21.2759609034031	21.2820850619537	21.2881371604930	21.2941174108046	21.3000260241836	21.3058632114379	21.3116291828888	21.3173241483726	21.3229483172412	21.3285018983632	21.3339851001248	21.3393981304311	21.3447411967067	21.3500145058971	21.3552182644694	21.3603526784133	21.3654179532423	21.3704142939946	21.3753419052340	21.3802009910509	21.3849917550635	21.3897144004183	21.3943691297918	21.3989561453907	21.4034756489534	21.4079278417509	21.4123129245875	21.4166310978021	21.4208825612690	21.4250675143989	21.4291861561398	21.4332386849780	21.4372252989393	21.4411461955895	21.4450015720356	21.4487916249270	21.4525165504560	21.4561765443590	21.4597718019173	21.4633025179584	21.4667688868565	21.4701711025337	21.4735093584610	21.4767838476589	21.4799947626988	21.4831422957035	21.4862266383485	21.4892479818626	21.4922065170292	21.4951024341869	21.4979359232307	21.5007071736124	21.5034163743424	21.5060637139899	21.5086493806839	21.5111735621146	21.5136364455337	21.5160382177558	21.5183790651589	21.5206591736857	21.5228787288443	21.5250379157091	21.5271369189217	21.5291759226920	21.5311551107987	21.5330746665908	21.5349347729879	21.5367356124814	21.5384773671354	21.5401602185873	21.5417843480494	21.5433499363089	21.5448571637293	21.5463062102513	21.5476972553935	21.5490304782534	21.5503060575082	21.5515241714157	21.5526849978154	21.5537887141288	21.5548354973610	21.5558255241011	21.5567589705231	21.5576360123869	21.5584568250394	21.5592215834146	21.5599304620354	21.5605836350138	21.5611812760520	21.5617235584434	21.5622106550730	21.5626427384188	21.5630199805524	21.5633425531398	21.5636106274422	21.5638243743171	21.5639839642190	21.5640895672003	21.5641413529120	21.5641394906046	21.5640841491290	21.5639754969376	21.5638137020844	21.5635989322265	21.5633313546250	21.5630111361450	21.5626384432574	21.5622134420393	21.5617362981746	21.5612071769553	21.5606262432821	21.5599936616649	21.5593095962244	21.5585742106921	21.5577876684116	21.5569501323394	21.5560617650454	21.5551227287141	21.5541331851451	21.5530932957541	21.5520032215737	21.5508631232541	21.5496731610638	21.5484334948909	21.5471442842433	21.5458056882499	21.5444178656611	21.5429809748500	21.5414951738127	21.5399606201696	21.5383774711658	21.5367458836720	21.5350660141854	21.5333380188303	21.5315620533593	21.5297382731533	21.5278668332232	21.5259478882100	21.5239815923858	21.5219680996549	21.5199075635539	21.5178001372531	21.5156459735570	21.5134452249049	21.5111980433721	21.5089045806705	21.5065649881490	21.5041794167948	21.5017480172338	21.4992709397318	21.4967483341946	21.4941803501693	21.4915671368449	21.4889088430529	21.4862056172684	21.4834576076105	21.4806649618432	21.4778278273762	21.4749463512657	21.4720206802148	21.4690509605747	21.4660373383452	21.4629799591754	21.4598789683647	21.4567345108633	21.4535467312728	21.4503157738474	21.4470417824943	21.4437249007746	21.4403652719038	21.4369630387527	21.4335183438483	21.4300313293741	21.4265021371711	21.4229309087388	21.4193177852352	21.4156629074783	21.4119664159461	21.4082284507781	21.4044491517753	21.4006286584013	21.3967671097830	21.3928646447112	21.3889214016414	21.3849375186945	21.3809131336574	21.3768483839838	21.3727434067951	21.3685983388807	21.3644133166989	21.3601884763779	21.3559239537159	21.3516198841824	21.3472764029184	21.3428936447374	21.3384717441260	21.3340108352448	21.3295110519286	21.3249725276877	21.3203953957080	21.3157797888522	21.3111258396603	21.3064336803499	21.3017034428178	21.2969352586396	21.2921292590712	21.2872855750492	21.2824043371915	21.2774856757979	21.2725297208512	21.2675366020175	21.2625064486468	21.2574393897743	21.2523355541200	21.2471950700906	21.2420180657792	21.2368046689664	21.2315550071209	21.2262692074003	21.2209473966515	21.2155897014115	21.2101962479080	21.2047671620603	21.1993025694796	21.1938025954699	21.1882673650285	21.1826970028470	21.1770916333113	21.1714513805029	21.1657763681994	21.1600667198748	21.1543225587005	21.1485440075459	21.1427311889789	21.1368842252666	21.1310032383762	21.1250883499751	21.1191396814322	21.1131573538180	21.1071414879054	21.1010922041704	21.0950096227929	21.0888938636569	21.0827450463516	21.0765632901715	21.0703487141177	21.0641014368980	21.0578215769276	21.0515092523300	21.0451645809374	21.0387876802913	21.0323786676433	21.0259376599556	21.0194647739015	21.0129601258664	21.0064238319480	20.9998560079573	20.9932567694186	20.9866262315711	20.9799645093684	20.9732717174799	20.9665479702913	20.9597933819048	20.9530080661402	20.9461921365351	20.9393457063458	20.9324688885478	20.9255617958364	20.9186245406273	20.9116572350571	20.9046599909842	20.8976329199890	20.8905761333749	20.8834897421687	20.8763738571208	20.8692285887068	20.8620540471270	20.8548503423076	20.8476175839013	20.8403558812876	20.8330653435736	20.8257460795946	20.8183981979144	20.8110218068263	20.8036170143533	20.7961839282491	20.7887226559983	20.7812333048170	20.7737159816538	20.7661707931899	20.7585978458398	20.7509972457520	20.7433690988095	20.7357135106304	20.7280305865686	20.7203204317138	20.7125831508929	20.7048188486700	20.6970276293471	20.6892095969647	20.6813648553024	20.6734935078795	20.6655956579553	20.6576714085299	20.6497208623449	20.6417441218834	20.6337412893712	20.6257124667771	20.6176577558132	20.6095772579359	20.6014710743463	20.5933393059904	20.5851820535602	20.5769994174940	20.5687914979767	20.5605583949410	20.5523002080672	20.5440170367842	20.5357089802699	20.5273761374520	20.5190186070080	20.5106364873663	20.5022298767064	20.4937988729595	20.4853435738092	20.4768640766919	20.4683604787973	20.4598328770689	20.4512813682049	20.4427060486583	20.4341070146374	20.4254843621069	20.4168381867878	20.4081685841582	20.3994756494540	20.3907594776689	20.3820201635555	20.3732578016256	20.3644724861505	20.3556643111620	20.3468333704525	20.3379797575757	20.3291035658471	20.3202048883444	20.3112838179082	20.3023404471427	20.2933748684155	20.2843871738588	20.2753774553699	20.2663458046110	20.2572923130107	20.2482170717637	20.2391201718319	20.2300017039442	20.2208617585979	20.2117004260586	20.2025177963607	20.1933139593082	20.1840890044751	20.1748430212058	20.1655760986155	20.1562883255912	20.1469797907917	20.1376505826481	20.1283007893647	20.1189304989191	20.1095397990629	20.1001287773222	20.0906975209979	20.0812461171665	20.0717746526802	20.0622832141678	20.0527718880348	20.0432407604643	20.0336899174172	20.0241194446326	20.0145294276287	20.0049199517028	19.9952911019321	19.9856429631740	19.9759756200669	19.9662891570303	19.9565836582653	19.9468592077555	19.9371158892668	19.9273537863487	19.9175729823341	19.9077735603399	19.8979556032678	19.8881191938045	19.8782644144222	19.8683913473790	19.8585000747196	19.8485906782757	19.8386632396661	19.8287178402979	19.8187545613662	19.8087734838550	19.7987746885375	19.7887582559769	19.7787242665263	19.7686728003295	19.7586039373214	19.7485177572287	19.7384143395698	19.7282937636558	19.7181561085907	19.7080014532718	19.6978298763903	19.6876414564319	19.6774362716767	19.6672144002004	19.6569759198740	19.6467209083647	19.6364494431366	19.6261616014503	19.6158574603642	19.6055370967345	19.5952005872157	19.5848480082611	19.5744794361234	19.5640949468547	19.5536946163075	19.5432785201346	19.5328467337901	19.5223993325292	19.5119363914091	19.5014579852896	19.4909641888328	19.4804550765044	19.4699307225733	19.4593912011128	19.4488365860006	19.4382669509193	19.4276823693567	19.4170829146067	19.4064686597691	19.3958396777506	19.3851960412647	19.3745378228327	19.3638650947836	19.3531779292548	19.3424763981925	19.3317605733521	19.3210305262985	19.3102863284069	19.2995280508627	19.2887557646622	19.2779695406132	19.2671694493349	19.2563555612591	19.2455279466297	19.2346866755037	19.2238318177516	19.2129634430577	19.2020816209202	19.1911864206523	19.1802779113821	19.1693561620531	19.1584212414246	19.1474732180723	19.1365121603885	19.1255381365826	19.1145512146814	19.1035514625298


